Solution value: 107606029
Remaining budget: 29
Execution time: 1324.1520912647247s

(579, 171)
(273, 243)
(408, 434)
(601, 233)
(509, 303)
(635, 270)
(150, 425)
(269, 321)
(164, 120)
(355, 493)
(390, 219)
(189, 116)
(177, 258)
(376, 43)
(306, 91)
(349, 396)
(412, 197)
(222, 149)
(486, 242)
(496, 344)
(418, 275)
(378, 61)
(214, 378)
(604, 296)
(343, 62)
(231, 162)
(111, 330)
(233, 364)
(172, 440)
(434, 131)
(435, 385)
(208, 311)
(238, 355)
(85, 148)
(616, 396)
(521, 280)
(442, 198)
(45, 354)
(111, 284)
(575, 336)
(238, 376)
(338, 252)
(566, 107)
(322, 333)
(444, 340)
(596, 381)
(153, 403)
(440, 360)
(91, 297)
(390, 279)
(42, 357)
(78, 230)
(527, 219)
(341, 422)
(378, 249)
(191, 350)
(120, 212)
(460, 136)
(183, 370)
(516, 305)
(606, 343)
(200, 286)
(639, 152)
(304, 432)
(168, 402)
(611, 245)
(91, 146)
(200, 252)
(188, 262)
(300, 203)
(205, 110)
(301, 265)
(451, 349)
(533, 234)
(573, 430)
(199, 261)
(318, 216)
(149, 332)
(313, 87)
(406, 121)
(551, 352)
(181, 433)
(366, 244)
(395, 349)
(101, 266)
(288, 192)
(444, 298)
(401, 203)
(472, 107)
(342, 504)
(455, 413)
(107, 307)
(383, 137)
(441, 115)
(543, 185)
(474, 340)
(471, 350)
(146, 136)
(195, 388)
(42, 374)
(541, 422)
(449, 375)
(336, 475)
(608, 293)
(627, 263)
(504, 322)
(294, 179)
(72, 198)
(215, 360)
(274, 395)
(133, 416)
(321, 302)
(364, 307)
(64, 131)
(138, 340)
(366, 231)
(94, 372)
(479, 144)
(85, 173)
(461, 219)
(600, 321)
(569, 311)
(196, 237)
(375, 337)
(64, 150)
(182, 325)
(404, 183)
(230, 184)
(574, 312)
(197, 113)
(108, 303)
(345, 169)
(97, 258)
(329, 40)
(469, 175)
(553, 186)
(130, 248)
(584, 168)
(303, 342)
(407, 156)
(277, 392)
(594, 265)
(255, 333)
(249, 158)
(401, 463)
(225, 169)
(491, 424)
(349, 492)
(326, 110)
(296, 236)
(339, 150)
(583, 202)
(66, 227)
(134, 353)
(228, 419)
(154, 291)
(545, 227)
(317, 303)
(545, 389)
(596, 269)
(246, 332)
(620, 135)
(207, 344)
(347, 37)
(400, 97)
(580, 170)
(505, 204)
(374, 368)
(414, 448)
(279, 398)
(336, 106)
(145, 130)
(335, 271)
(176, 301)
(166, 173)
(604, 225)
(353, 344)
(289, 153)
(368, 334)
(387, 306)
(73, 350)
(502, 292)
(402, 246)
(224, 140)
(331, 127)
(111, 251)
(470, 208)
(514, 431)
(304, 323)
(468, 334)
(200, 251)
(486, 211)
(399, 484)
(368, 465)
(90, 356)
(472, 241)
(473, 257)
(270, 216)
(583, 275)
(627, 324)
(381, 426)
(139, 158)
(270, 270)
(401, 409)
(228, 406)
(105, 371)
(522, 296)
(171, 363)
(343, 207)
(15, 353)
(59, 315)
(131, 246)
(183, 278)
(560, 426)
(275, 240)
(362, 63)
(64, 254)
(321, 195)
(372, 503)
(350, 309)
(592, 217)
(354, 145)
(164, 303)
(382, 313)
(388, 248)
(498, 314)
(498, 222)
(150, 326)
(407, 192)
(597, 238)
(419, 286)
(333, 174)
(550, 310)
(507, 156)
(374, 147)
(476, 160)
(35, 202)
(226, 353)
(589, 231)
(99, 401)
(507, 316)
(150, 288)
(251, 288)
(527, 317)
(201, 117)
(241, 119)
(270, 225)
(225, 416)
(503, 266)
(476, 258)
(261, 367)
(488, 363)
(231, 332)
(427, 100)
(60, 198)
(200, 282)
(368, 413)
(157, 373)
(44, 176)
(202, 128)
(353, 434)
(123, 191)
(96, 227)
(234, 438)
(563, 393)
(189, 331)
(58, 148)
(111, 115)
(514, 169)
(112, 307)
(93, 267)
(513, 238)
(166, 367)
(259, 423)
(419, 220)
(346, 235)
(465, 175)
(341, 334)
(310, 451)
(339, 75)
(180, 324)
(196, 307)
(354, 486)
(528, 142)
(329, 45)
(298, 191)
(460, 256)
(209, 385)
(580, 400)
(338, 150)
(203, 382)
(350, 225)
(372, 475)
(629, 318)
(284, 401)
(241, 273)
(552, 334)
(151, 101)
(471, 269)
(397, 273)
(256, 405)
(575, 281)
(265, 121)
(593, 407)
(221, 426)
(140, 101)
(127, 307)
(69, 263)
(506, 310)
(488, 283)
(366, 325)
(183, 102)
(226, 435)
(184, 404)
(281, 169)
(115, 219)
(599, 325)
(171, 399)
(377, 305)
(234, 301)
(21, 201)
(113, 220)
(179, 346)
(343, 42)
(206, 262)
(434, 394)
(518, 376)
(475, 317)
(427, 216)
(105, 217)
(519, 409)
(629, 232)
(332, 406)
(543, 394)
(127, 117)
(198, 210)
(520, 235)
(373, 428)
(371, 429)
(194, 248)
(198, 404)
(372, 239)
(462, 352)
(406, 338)
(606, 236)
(646, 312)
(598, 153)
(371, 155)
(539, 132)
(53, 402)
(507, 240)
(286, 236)
(365, 303)
(399, 93)
(582, 204)
(268, 426)
(392, 363)
(275, 251)
(321, 252)
(203, 292)
(619, 279)
(32, 336)
(243, 400)
(461, 223)
(297, 66)
(102, 284)
(448, 243)
(159, 404)
(203, 283)
(385, 52)
(129, 269)
(101, 387)
(93, 390)
(400, 88)
(642, 418)
(162, 308)
(210, 283)
(339, 153)
(381, 373)
(369, 465)
(134, 107)
(462, 398)
(88, 294)
(105, 415)
(537, 126)
(230, 352)
(106, 308)
(146, 203)
(351, 141)
(362, 179)
(399, 227)
(576, 189)
(582, 296)
(77, 272)
(131, 244)
(187, 416)
(629, 303)
(496, 425)
(220, 403)
(113, 308)
(413, 339)
(577, 193)
(421, 109)
(527, 362)
(327, 356)
(208, 220)
(256, 169)
(357, 393)
(355, 137)
(451, 172)
(140, 270)
(213, 355)
(255, 428)
(549, 340)
(444, 368)
(90, 199)
(210, 321)
(158, 281)
(411, 279)
(644, 136)
(473, 359)
(88, 264)
(595, 140)
(581, 151)
(516, 308)
(608, 303)
(458, 179)
(354, 338)
(537, 157)
(370, 310)
(300, 346)
(294, 488)
(305, 392)
(350, 293)
(298, 338)
(351, 108)
(284, 251)
(381, 148)
(156, 199)
(537, 237)
(240, 324)
(361, 314)
(340, 124)
(171, 349)
(206, 220)
(366, 90)
(358, 404)
(48, 365)
(501, 357)
(274, 434)
(525, 196)
(374, 346)
(292, 315)
(624, 149)
(372, 56)
(372, 506)
(356, 334)
(71, 285)
(639, 132)
(305, 328)
(334, 343)
(103, 285)
(206, 376)
(367, 237)
(522, 351)
(529, 423)
(77, 393)
(415, 170)
(507, 198)
(139, 290)
(426, 188)
(144, 417)
(475, 399)
(212, 199)
(356, 323)
(484, 182)
(351, 280)
(566, 270)
(333, 281)
(366, 212)
(299, 187)
(420, 473)
(14, 371)
(381, 183)
(502, 283)
(206, 210)
(165, 307)
(226, 434)
(345, 434)
(324, 327)
(500, 300)
(430, 202)
(387, 478)
(299, 86)
(115, 242)
(579, 172)
(197, 441)
(165, 212)
(423, 215)
(353, 189)
(267, 271)
(512, 417)
(350, 40)
(518, 142)
(285, 290)
(580, 162)
(198, 221)
(377, 237)
(92, 152)
(374, 39)
(199, 213)
(358, 189)
(429, 417)
(172, 230)
(145, 352)
(153, 421)
(83, 167)
(200, 103)
(404, 372)
(468, 131)
(343, 82)
(165, 144)
(457, 292)
(284, 167)
(313, 165)
(467, 118)
(303, 92)
(56, 213)
(514, 105)
(219, 216)
(470, 217)
(211, 107)
(315, 483)
(584, 281)
(264, 182)
(560, 202)
(299, 282)
(398, 73)
(357, 507)
(442, 138)
(107, 391)
(606, 124)
(557, 431)
(89, 303)
(513, 407)
(173, 291)
(118, 232)
(591, 321)
(121, 125)
(555, 280)
(108, 284)
(585, 166)
(256, 388)
(323, 423)
(609, 215)
(315, 244)
(366, 466)
(299, 398)
(537, 223)
(527, 444)
(56, 201)
(297, 166)
(359, 206)
(316, 268)
(312, 167)
(84, 363)
(201, 402)
(189, 325)
(91, 271)
(588, 398)
(543, 235)
(492, 378)
(299, 132)
(137, 239)
(626, 212)
(156, 331)
(449, 197)
(303, 117)
(574, 304)
(147, 285)
(86, 260)
(406, 380)
(550, 197)
(21, 174)
(574, 114)
(618, 315)
(545, 151)
(177, 390)
(282, 273)
(466, 348)
(178, 349)
(177, 316)
(153, 107)
(348, 197)
(421, 106)
(288, 342)
(465, 238)
(255, 354)
(344, 471)
(371, 471)
(217, 376)
(495, 350)
(452, 161)
(374, 289)
(301, 337)
(578, 380)
(486, 183)
(165, 122)
(79, 200)
(593, 288)
(115, 278)
(360, 301)
(583, 381)
(118, 364)
(394, 302)
(118, 256)
(128, 335)
(484, 224)
(360, 30)
(324, 173)
(442, 146)
(283, 282)
(129, 226)
(580, 282)
(18, 333)
(435, 343)
(591, 298)
(106, 147)
(176, 137)
(172, 126)
(122, 343)
(301, 357)
(272, 141)
(261, 315)
(331, 263)
(416, 357)
(387, 366)
(319, 382)
(244, 216)
(395, 205)
(430, 272)
(345, 356)
(504, 230)
(251, 309)
(284, 416)
(625, 239)
(155, 390)
(18, 320)
(285, 369)
(351, 115)
(402, 433)
(613, 320)
(165, 161)
(333, 257)
(64, 292)
(181, 354)
(555, 307)
(552, 116)
(605, 422)
(219, 298)
(100, 316)
(354, 439)
(601, 274)
(28, 355)
(461, 249)
(122, 389)
(128, 431)
(251, 193)
(434, 405)
(400, 326)
(347, 51)
(573, 299)
(265, 218)
(257, 425)
(488, 419)
(479, 100)
(593, 423)
(352, 447)
(611, 379)
(129, 347)
(371, 327)
(204, 244)
(96, 414)
(54, 273)
(362, 110)
(644, 345)
(17, 182)
(90, 374)
(359, 331)
(191, 391)
(121, 354)
(89, 386)
(536, 340)
(146, 185)
(505, 352)
(534, 238)
(610, 164)
(305, 302)
(307, 178)
(499, 186)
(600, 362)
(64, 145)
(406, 144)
(232, 195)
(319, 326)
(266, 154)
(352, 115)
(496, 139)
(217, 114)
(113, 208)
(181, 136)
(308, 99)
(257, 144)
(612, 198)
(325, 251)
(578, 183)
(330, 356)
(184, 118)
(575, 306)
(144, 189)
(477, 357)
(119, 401)
(410, 286)
(118, 220)
(631, 265)
(190, 177)
(140, 217)
(597, 334)
(449, 366)
(549, 315)
(467, 430)
(424, 393)
(34, 369)
(168, 210)
(406, 284)
(389, 335)
(164, 266)
(240, 310)
(307, 56)
(117, 179)
(286, 135)
(146, 331)
(359, 148)
(597, 232)
(383, 480)
(540, 357)
(388, 267)
(186, 436)
(286, 221)
(383, 191)
(526, 246)
(90, 191)
(262, 243)
(349, 165)
(591, 109)
(157, 169)
(276, 390)
(309, 364)
(209, 397)
(179, 266)
(224, 220)
(296, 425)
(399, 408)
(370, 396)
(434, 256)
(234, 341)
(254, 104)
(334, 173)
(370, 237)
(353, 277)
(314, 326)
(398, 414)
(427, 316)
(226, 292)
(181, 336)
(542, 343)
(542, 364)
(120, 288)
(113, 296)
(22, 160)
(447, 361)
(387, 150)
(592, 445)
(581, 249)
(215, 276)
(149, 109)
(502, 360)
(205, 272)
(194, 196)
(402, 484)
(90, 284)
(21, 353)
(77, 400)
(218, 252)
(503, 414)
(124, 266)
(452, 236)
(519, 368)
(624, 317)
(236, 339)
(333, 276)
(644, 199)
(107, 161)
(392, 79)
(267, 372)
(193, 382)
(584, 352)
(196, 194)
(623, 308)
(207, 280)
(270, 227)
(401, 437)
(597, 194)
(398, 330)
(600, 262)
(523, 174)
(624, 253)
(336, 230)
(82, 400)
(359, 486)
(47, 361)
(304, 252)
(255, 304)
(79, 310)
(250, 406)
(305, 443)
(582, 264)
(128, 393)
(579, 382)
(351, 428)
(386, 188)
(559, 260)
(245, 258)
(411, 381)
(604, 195)
(296, 168)
(144, 201)
(207, 255)
(547, 120)
(538, 131)
(169, 368)
(392, 263)
(111, 222)
(344, 215)
(162, 375)
(366, 480)
(356, 82)
(169, 309)
(158, 233)
(123, 225)
(282, 230)
(81, 147)
(244, 182)
(334, 27)
(199, 168)
(473, 147)
(131, 207)
(409, 479)
(-1, -1)
(-1, -1)
(-1, -1)
(-1, -1)
(-1, -1)
(-1, -1)
(-1, -1)
(-1, -1)
(-1, -1)
(-1, -1)
(-1, -1)
(-1, -1)
(-1, -1)
(-1, -1)
(-1, -1)
(-1, -1)
(-1, -1)
(-1, -1)
(-1, -1)
(-1, -1)
(-1, -1)
(-1, -1)
(-1, -1)
(-1, -1)
(-1, -1)
(-1, -1)
(-1, -1)
(-1, -1)
(-1, -1)
(-1, -1)
(-1, -1)
(-1, -1)
(-1, -1)
(-1, -1)
(-1, -1)
(-1, -1)
(-1, -1)
(-1, -1)
(-1, -1)
(-1, -1)
(-1, -1)
(-1, -1)
(-1, -1)
(-1, -1)
(-1, -1)
(-1, -1)
(-1, -1)
(-1, -1)
(-1, -1)
(-1, -1)
(-1, -1)
(-1, -1)
(-1, -1)
(-1, -1)
(-1, -1)
(-1, -1)
(-1, -1)
(-1, -1)
(-1, -1)
(-1, -1)
(-1, -1)
(-1, -1)
(-1, -1)
(-1, -1)
(-1, -1)
(-1, -1)
(-1, -1)
(-1, -1)
(-1, -1)
(-1, -1)
(-1, -1)
(-1, -1)
(-1, -1)
(-1, -1)
(-1, -1)
(-1, -1)
(-1, -1)
(-1, -1)
(-1, -1)
(-1, -1)
(-1, -1)
(-1, -1)
(-1, -1)
(-1, -1)
(-1, -1)
(-1, -1)
(-1, -1)
(-1, -1)
(-1, -1)
(-1, -1)
